1.12027	3.3262	0
0.206204	-1.76812	0
0.150257	-1.60875	0
0.560591	-2.82586	0
0.550302	2.74159	0
1.63071	-3.56465	0
1.46474	3.59938	0
0.180114	-1.65392	0
0.186131	1.62813	0
0.00136657	0.213575	0
1.49207	4.02562	0
1.3067	-3.65614	0
0.00213744	0.202658	0
-0.000721095	-0.161257	0
1.21911	3.75037	0
0.262537	-2.06943	0
0.0573271	0.873243	0
0.0680362	-0.980487	0
0.228994	1.88346	0
0.8057	3.35981	0
0.113556	-1.1908	0
1.36011	3.61074	0
1.20263	3.65508	0
0.887199	3.55896	0
1.31945	3.84922	0
0.00890955	0.455276	0
0.324429	2.33621	0
0.00759147	-0.413968	0
0.241852	1.98087	0
1.1146	3.77094	0
0.0544893	1.10564	0
0.183569	1.59653	0
0.0589447	0.939691	0
0.0250167	0.670531	0
0.0919636	1.17156	0
0.636695	2.89746	0
0.000265137	0.16285	0
0.966016	3.382	0
1.44659	2.2591	0
1.55676	3.76306	0
0.611993	2.84708	0
0.0861576	1.09073	0
0.162217	1.42722	0
1.6075	2.31302	0
0.897985	3.06196	0
0.302228	1.94745	0
1.21704	3.60243	0
0.899659	1.03843	0
1.30986	3.89835	0
1.55221	3.38619	0
1.43876	3.6804	0
0.749968	2.9565	0
0.16498	1.70208	0
0.81868	3.05884	0
1.07147	3.51532	0
1.80565	3.63339	0
1.715	3.00969	0
1.85696	3.07961	0
1.54972	3.47246	0
1.73715	2.85944	0
0.73317	3.21414	0
1.34429	1.83609	0
1.87236	3.50827	0
1.3127	3.77947	0
1.58728	2.9203	0
1.82749	4.42948	0
1.39591	1.87881	0
0.669055	0.758412	0
-1.1319	-0.969976	0
0.348973	2.27629	0
0.319061	2.12762	0
1.36227	3.81423	0
1.77177	3.38516	0
1.58145	2.16142	0
1.74401	3.00533	0
0.072397	1.12092	0
1.63307	3.71713	0
1.24952	1.65381	0
1.70105	2.87866	0
1.40452	1.86163	0
1.77348	3.61826	0
1.66437	3.30677	0
1.57393	2.56704	0
1.51365	2.2079	0
1.77755	2.80479	0
1.67544	2.70071	0
1.70655	3.99638	0
1.34065	1.87997	0
1.63892	2.53133	0
-0.320622	-0.32257	0
-0.282387	-0.272885	0
1.46291	2.111	0
1.79277	3.28029	0
1.85128	3.79615	0
1.09226	1.3718	0
1.6481	2.3608	0
1.7899	3.0446	0
1.56677	2.21701	0
1.6974	3.19193	0
0.484892	0.511598	0
1.60701	2.70646	0
-1.01828	-0.847971	0
0.571298	0.653408	0
0.17871	0.187003	0
1.53008	3.32503	0
0.87918	1.06439	0
-0.244093	-0.231961	0
1.72786	3.33291	0
1.25992	1.75728	0
1.15113	1.4003	0
1.6277	3.71296	0
0.449196	0.475405	0
-0.88896	-0.750714	0
1.65062	2.78748	0
-0.24613	-0.247366	0
1.62555	3.30935	0
0.866181	0.992479	0
1.50172	3.47044	0
-1.99695	-1.3919	0
-0.563495	-0.519679	0
0.485779	0.526306	0
1.31236	1.91202	0
-2.52678	-1.56047	0
-3.67128	-1.58832	0
1.63942	3.83779	0
-2.80106	-1.68666	0
-3.32582	-1.63723	0
-0.927338	-0.795665	0
1.74428	2.77928	0
-2.57477	-1.72975	0
-0.0533135	-0.0542554	0
0.971269	1.15713	0
1.60322	2.45067	0
-1.92977	-1.40438	0
-2.53966	-1.64365	0
0.754048	0.86081	0
-2.13963	-1.51571	0
1.44529	1.99175	0
-2.93685	-1.79083	0
-1.18197	-0.980268	0
-0.475002	-0.427454	0
-0.744174	-0.639047	0
-3.31202	-1.84897	0
-2.82876	-1.64455	0
-2.78752	-1.76533	0
-1.68498	-1.24577	0
-2.03809	-1.52496	0
-3.15445	-1.83979	0
-2.32609	-1.5877	0
-3.20074	-1.75966	0
-0.868843	-0.724338	0
1.78705	3.63282	0
-3.36394	-1.47269	0
-2.32038	-0.414493	0
-3.08307	-1.76377	0
-2.02361	-1.44984	0
-1.79484	-1.28866	0
-2.07535	-1.45967	0
-2.48244	-1.62435	0
-0.0116547	-0.0120254	0
-1.36592	-1.09067	0
-0.655458	-0.627423	0
-3.20838	-1.78677	0
-2.26552	-1.58668	0
-3.40044	-1.62729	0
-2.59332	-1.67718	0
-3.74094	-1.30487	0
-3.06912	-1.61314	0
-1.49691	-0.123377	0
1.08935	1.35429	0
-2.1002	-1.55474	0
-3.62461	-1.20647	0
0.246788	-0.00254193	0
-2.71554	-1.62349	0
-3.53157	-1.81229	0
-2.95948	-1.70184	0
-2.79157	-0.577699	0
-3.02086	-1.73591	0
-3.61474	-1.20526	0
-2.98757	-1.69299	0
-0.965752	-0.813206	0
-3.89734	-1.54033	0
-3.89723	-1.3445	0
-1.96032	-0.332352	0
-3.1966	-1.51438	0
-3.11413	-1.85637	0
-3.45383	-1.05055	0
-3.58883	-1.324	0
-3.54432	-1.25054	0
-3.64908	-1.55873	0
-2.42604	-0.368528	0
-3.60809	-1.12667	0
0.0715819	-0.000759969	0
-2.10159	-0.300129	0
-3.11561	-0.716367	0
-1.32987	-1.06893	0
-2.85432	-0.652807	0
-3.06004	-0.797662	0
-2.71892	-0.468428	0
-1.89263	-0.223719	0
-3.82738	-1.62031	0
-1.98153	-0.297942	0
-3.64063	-1.6269	0
1.68372	-0.150991	0
-2.72197	-1.7129	0
-1.74428	-1.30187	0
-2.30304	-1.61969	0
-3.2499	-1.58852	0
-3.29972	-1.77744	0
1.63805	-0.209479	0
-3.75926	-1.2586	0
-3.43047	-1.9644	0
-0.364012	-0.00815111	0
-3.68804	-1.37271	0
-3.28188	-1.70913	0
-0.515376	-0.0264827	0
-1.54545	-0.14817	0
-3.41179	-1.05911	0
1.22219	-0.0903101	0
-2.58343	-0.458578	0
1.53367	-0.197614	0
-1.1916	-0.105666	0
1.85755	-0.241001	0
-2.28781	-0.356558	0
-3.88087	-1.70609	0
3.70858	-1.25328	0
-3.35917	-0.918423	0
-2.71381	-0.525425	0
-3.51543	-1.0311	0
-2.3845	-0.433048	0
-1.12443	-0.0948856	0
-1.2009	-0.103656	0
0.855903	-0.0102618	0
3.10214	-0.773855	0
-2.07029	-0.274462	0
-3.89118	-1.41194	0
-3.58742	-1.23547	0
-3.16216	-0.714107	0
-4.13163	-1.83289	0
1.14033	-0.101251	0
-2.46275	-0.422337	0
-1.71797	-0.21786	0
-1.23007	-0.0715089	0
-3.78352	-1.29917	0
-3.01201	-0.665479	0
1.34673	-0.129698	0
1.52437	-0.139144	0
-1.76414	-0.203886	0
3.75154	-1.33522	0
-3.57088	-1.00778	0
-0.897591	-0.0689512	0
-0.755997	-0.0360017	0
-2.49999	-1.5458	0
3.60449	-1.51798	0
1.52988	-0.138997	0
-2.78829	-0.52274	0
3.38201	-1.59251	0
2.13485	-0.329708	0
1.93802	-0.249933	0
-1.18895	-0.0867058	0
1.50236	-0.11455	0
-3.43808	-0.856049	0
2.85405	-0.657324	0
0.319635	0.00040759	0
1.76712	-0.189226	0
3.30031	-1.11765	0
2.32289	-0.349454	0
2.2943	-0.349369	0
1.93702	-0.312943	0
-0.640026	-0.0227476	0
3.48231	-1.01865	0
3.71935	-1.71616	0
3.65287	-1.05691	0
3.63255	-1.17611	0
-0.320653	-0.0106067	0
-0.427101	-0.0106434	0
-2.18484	-0.292933	0
3.49425	-1.50874	0
1.89377	-0.221751	0
3.13721	-1.52948	0
0.511229	-0.0120277	0
1.31013	-0.129672	0
2.85752	-0.613526	0
3.8012	-1.53128	0
3.21906	-0.70993	0
2.91075	-0.753765	0
2.85804	-0.641291	0
3.33696	-0.884524	0
-0.0131316	8.71E-05	0
3.44577	-0.888528	0
2.45597	-0.51094	0
3.23115	-0.781537	0
3.78646	-1.39678	0
1.91319	-0.240503	0
3.47887	-0.890296	0
2.71382	-0.590414	0
3.92037	-1.4909	0
3.41328	-1.62007	0
1.71403	-0.174341	0
3.584	-1.58286	0
0.923614	-0.806992	0
0.427444	-0.00725712	0
1.96184	-0.299365	0
2.17196	-0.322924	0
3.40792	-0.958398	0
1.47216	-1.14441	0
3.55399	-1.27777	0
3.27318	-0.696915	0
3.37532	-1.75438	0
3.4951	-0.860004	0
2.22298	-1.49538	0
3.38395	-1.5716	0
1.56799	-1.21126	0
3.18168	-0.825881	0
-1.3726	2.13141	0
2.66245	-1.68283	0
3.08838	-1.83414	0
3.63934	-1.54303	0
3.3521	-0.936319	0
3.25676	-0.832277	0
3.74229	-1.59463	0
3.60508	-1.02419	0
3.1777	-1.73205	0
3.34927	-0.975959	0
2.27943	-1.49091	0
1.599	-1.22187	0
3.76477	-1.2742	0
0.941839	-0.813328	0
3.58277	-1.65371	0
0.720082	-0.628174	0
2.47273	-1.62063	0
0.823535	-0.727043	0
3.57859	-1.12911	0
3.28571	-1.75226	0
-0.268459	0.28078	0
3.85094	-1.62899	0
1.78286	-0.21969	0
2.24157	-0.333692	0
0.735462	-0.030364	0
2.05996	-0.260875	0
3.64677	-1.86496	0
-0.252823	0.269337	0
3.44601	-1.79015	0
1.54425	-1.14621	0
2.78035	-1.73566	0
2.74464	-1.82986	0
2.52808	-1.58121	0
2.44529	-1.54669	0
1.02531	-0.858899	0
3.90217	-1.5411	0
-0.300759	0.322073	0
-0.313713	0.328117	0
2.32348	-1.55932	0
0.0106086	-0.0108667	0
3.2921	-1.80842	0
3.25555	-1.95767	0
1.34972	-1.10571	0
2.01875	-1.4513	0
2.57587	-1.67973	0
2.79839	-1.67502	0
2.4053	-1.537	0
-0.870433	1.04056	0
3.67227	-1.15186	0
-0.016272	0.0157583	0
1.46333	-1.13061	0
-0.787558	0.909134	0
-0.346878	0.372227	0
2.39621	-0.404832	0
-0.587708	0.665046	0
-0.162519	0.167749	0
0.604573	-0.559844	0
1.30739	-1.00455	0
-1.08135	1.4373	0
1.50854	-1.21686	0
-1.66025	3.56154	0
-0.91489	1.12209	0
-1.3676	3.59962	0
1.77136	-1.2896	0
3.57769	-1.69072	0
-1.28688	1.76894	0
-1.51202	2.23351	0
-0.21696	0.231812	0
3.13108	-1.75099	0
0.614239	-0.554506	0
-1.53237	2.15998	0
-0.208921	0.214934	0
-0.433771	0.464388	0
-0.0774987	0.082036	0
1.45395	-1.1481	0
0.209837	-0.197382	0
2.49103	-1.64049	0
-1.33297	3.72942	0
-0.428742	0.428496	0
-1.51892	2.27428	0
0.929922	-0.764866	0
-1.68348	2.98896	0
2.77283	-1.62675	0
-1.86479	3.62407	0
-1.11737	1.43921	0
-0.764188	3.34315	0
1.33987	-1.05912	0
-1.40916	1.97778	0
-1.61535	2.60748	0
-1.40786	3.57399	0
-0.866576	1.02852	0
-1.65234	2.45699	0
3.18971	-1.90866	0
-0.33262	0.347964	0
-1.57074	2.87354	0
-1.44461	3.79775	0
-1.20871	1.6425	0
-0.348758	2.15368	0
-0.683326	3.15165	0
-1.59518	2.48083	0
3.02812	-1.79479	0
1.52514	-1.20453	0
-0.922135	1.10345	0
-1.14145	3.54956	0
-1.75602	3.49156	0
1.69098	-1.23332	0
-1.5583	2.47839	0
-0.524714	2.77902	0
-1.46132	2.24023	0
-1.19652	1.58451	0
-0.11378	1.42627	0
-1.74438	3.40368	0
-1.65699	2.56332	0
-1.63116	3.83943	0
-1.67031	3.3537	0
-1.75007	2.8861	0
-0.559277	2.60702	0
-0.653622	2.87399	0
-1.00098	3.5842	0
-1.70493	3.48633	0
-0.572117	2.8424	0
-1.78424	3.87312	0
-1.15747	3.46755	0
-0.544518	2.65198	0
-0.74126	3.01304	0
-0.0275192	0.709048	0
-1.03975	3.35845	0
-0.69991	0.796324	0
-1.37175	1.9626	0
-0.12391	1.21405	0
-1.64171	3.56331	0
-1.08429	3.74365	0
-1.76405	3.05777	0
-0.304392	2.06221	0
-1.51483	3.41561	0
-0.0385382	0.904185	0
-1.67617	3.61265	0
-0.145205	1.47563	0
-0.459334	2.51594	0
-1.62142	3.32523	0
-0.124241	1.49062	0
-1.77196	3.42843	0
-1.61487	3.30126	0
-0.284978	2.02436	0
-1.53226	3.59391	0
-1.43674	3.49066	0
-1.26957	3.6561	0
-1.6638	3.36474	0
-0.0334812	0.761547	0
-0.272548	2.16937	0
-0.921121	3.54382	0
-0.860633	3.29001	0
-0.293614	2.11576	0
-0.245777	-1.85976	0
-0.0244417	0.592529	0
-1.213	3.77556	0
-0.0347111	0.731268	0
-0.675829	3.01632	0
-0.764966	3.264	0
-0.429795	-2.24525	0
-0.820633	3.06395	0
-0.910657	3.32287	0
-1.95814	3.15248	0
-1.70877	3.63329	0
-0.0572124	0.911711	0
-1.0381	3.53507	0
-0.0178527	0.478308	0
-1.45218	3.89211	0
-0.992518	3.43416	0
-0.00267886	-0.201688	0
-0.450636	-2.52226	0
-0.000989391	-0.105624	0
-0.288836	-2.09988	0
-0.8471	-3.39826	0
-0.200435	-1.69582	0
-0.950658	3.46453	0
-0.149131	1.50246	0
-0.0456919	-0.838687	0
-0.319121	2.13563	0
-0.0201063	-0.642543	0
-1.34185	3.47312	0
-0.637814	2.95863	0
-0.0378836	-0.578205	0
-1.74326	3.33614	0
-0.811959	3.18803	0
-0.011031	0.438756	0
-0.0297383	0.568747	1
-1.77375	3.23265	1
-0.128622	-1.3864	1
-0.0470783	0.694934	1
-1.13325	3.67914	1
-0.373724	2.24975	1
-0.378999	2.39346	1
-0.271262	-1.87172	1
-0.294858	-2.08098	1
-1.37043	-3.90356	1
-0.421588	-2.44839	1
-0.664975	2.93039	1
-0.708517	3.0479	1
-1.029	-3.50139	1
-1.44796	-3.63281	1
-0.010351	-0.419915	1
-0.444586	-2.30911	1
-0.672617	3.06132	1
-1.19616	3.89678	1
-0.279568	2.01891	1
-0.0186277	-0.581553	1
0.000392735	0.072264	1
-0.0883845	-1.26166	1
-0.011111	-0.462635	1
-0.92561	-3.41982	1
-1.59251	-3.56387	1
-0.343991	-2.30392	1
-1.79393	-2.90492	1
-0.00778266	-0.29255	1
-0.0385514	-0.703955	1
-0.855196	-3.44198	1
-0.112503	-1.10706	1
-1.39242	-3.16982	1
-0.0301459	-0.532814	1
-1.72046	-3.5119	1
-0.765034	-3.18014	1
-0.779255	-0.894617	1
-0.212155	-1.80615	1
-0.504495	-2.84564	1
-0.918611	-3.57689	1
-0.561311	2.66356	1
-1.29516	-3.49148	1
-1.31488	-3.75069	1
-0.890205	-3.22748	1
-0.054155	0.977206	1
-0.049134	0.990951	1
-1.49586	-3.70906	1
-1.79552	-3.23032	1
-1.54571	-2.27192	1
-0.147954	-1.39464	1
-0.0870451	-1.02313	1
-0.757797	-3.05823	1
-0.145333	1.58202	1
-0.560207	-2.88174	1
-1.71014	-3.23415	1
-1.23029	-1.62101	1
-1.48733	-3.67698	1
-1.29341	-1.65656	1
-1.76498	-3.91827	1
-1.53589	-3.78396	1
-1.18614	-3.58806	1
-1.6556	-3.94666	1
-1.20753	-3.70463	1
-1.29572	-3.61536	1
-0.861433	-3.42809	1
-1.68302	-3.60648	1
-1.42529	-3.4287	1
-0.172485	-1.69504	1
-1.39744	-3.76462	1
-0.684109	-2.81139	1
0.00210761	0.327132	1
-1.74963	-3.06209	1
-0.576004	-0.630417	1
1.39872	1.09006	1
-0.161192	-0.171792	1
-0.939486	-3.35303	1
-1.04411	-1.26856	1
-0.804619	-0.987243	1
-0.0753289	-1.09738	1
-1.30876	-1.74098	1
-1.61223	-2.33626	1
-1.49465	-2.62613	1
-1.70798	-2.79308	1
-1.93876	-3.47397	1
0.615562	0.562957	1
-1.62135	-3.53982	1
-1.81968	-3.52851	1
-1.65545	-2.86564	1
-1.71909	-2.60249	1
-0.502418	-2.72646	1
0.618185	0.578292	1
-1.56827	-2.329	1
-0.94456	-1.19848	1
-1.6359	-2.39452	1
-1.5566	-2.66368	1
-1.56958	-2.86391	1
-1.40688	-2.06586	1
-1.35971	-1.92361	1
0.237231	0.22038	1
-1.12916	-1.4352	1
-1.64736	-2.53117	1
2.44011	1.542	1
-1.34909	-3.58116	1
-1.3316	-3.59898	1
-0.757659	-0.900277	1
-1.64542	-2.44453	1
-1.12084	-3.80799	1
-1.61559	-2.43934	1
-1.67996	-2.99249	1
1.29591	1.05794	1
-1.59163	-2.64364	1
1.05775	0.869872	1
-0.0162585	-0.0167455	1
-1.25857	-1.67749	1
-0.752754	-0.902041	1
0.242956	0.244038	1
-0.668336	-2.70654	1
0.012243	0.0124912	1
-1.33599	-1.79295	1
3.33028	1.77102	1
-1.54092	-2.29915	1
2.32277	1.61419	1
-0.725427	-2.98727	1
1.68305	1.30732	1
0.241553	0.23044	1
-1.03647	-1.20447	1
-0.447988	-0.488618	1
-0.498044	-0.567436	1
0.738933	0.631887	1
-0.162059	-0.171147	1
-1.70519	-3.68221	1
-0.215012	-0.226075	1
3.6225	1.20092	1
-0.105819	-0.098865	1
1.18423	0.990187	1
-0.459557	-0.508498	1
0.878176	0.750609	1
1.02565	0.864253	1
0.0986737	0.097963	1
2.86817	1.76101	1
-1.18596	-1.49958	1
0.412382	0.374148	1
2.34689	1.61776	1
0.55895	0.522475	1
-1.56567	-2.12945	1
2.75175	1.77983	1
-0.999134	-1.19871	1
0.198327	0.189535	1
-0.357258	-0.39272	1
1.11888	0.910197	1
0.691612	0.631999	1
0.655485	0.602348	1
3.39014	1.87771	1
3.3181	0.965762	1
1.08106	0.912427	1
2.85324	1.62881	1
1.2978	1.06694	1
2.22866	1.49531	1
3.44909	1.37338	1
2.37557	1.58433	1
0.516088	0.485723	1
0.685073	0.61521	1
0.797975	0.675998	1
2.36975	1.53871	1
3.76244	1.57027	1
-0.269262	-0.295893	1
0.16772	0.160027	1
0.37455	0.337308	1
-1.2446	-1.54241	1
3.31996	0.920725	1
2.91541	1.73468	1
2.29949	0.331215	1
-0.103	-0.106441	1
3.59478	0.925059	1
1.36362	1.02545	1
2.45794	1.60922	1
0.784186	0.646875	1
1.338	1.07243	1
0.720907	0.663816	1
3.25733	1.49358	1
0.785987	0.70308	1
3.19785	1.78474	1
3.17934	1.56047	1
3.34307	1.08881	1
3.99427	1.7926	1
3.71356	1.44638	1
3.86313	1.30831	1
3.50984	1.59536	1
3.35366	1.20237	1
2.24	1.5543	1
2.40992	1.50924	1
0.483901	0.00902985	1
3.29194	1.36957	1
3.10629	1.81068	1
1.69161	0.175585	1
3.61846	1.54917	1
3.46678	1.87682	1
1.38949	1.05727	1
3.00638	0.604713	1
2.49947	1.58591	1
3.7413	1.80584	1
2.86009	0.600091	1
3.52935	1.06342	1
3.7615	1.33234	1
3.61984	1.36118	1
1.4985	0.122308	1
-2.4273	0.346224	1
3.62794	1.56765	1
3.12256	0.562042	1
-1.95109	0.196047	1
0.913518	0.0581337	1
3.37355	1.46816	1
3.73934	1.37767	1
4.12993	1.6505	1
3.64323	1.70201	1
3.94179	1.54196	1
2.70792	0.519306	1
3.79673	1.39884	1
0.815907	0.0441861	1
3.14196	0.631803	1
3.53433	1.07884	1
0.623863	0.0208244	1
1.98557	0.2809	1
2.50538	0.36612	1
-0.17366	0.00281003	1
0.785936	0.055834	1
3.05506	0.6228	1
-0.378493	0.00546605	1
1.35677	0.142924	1
-3.6192	1.62882	1
-1.22996	0.0805847	1
-1.50057	0.124203	1
-2.09538	0.244991	1
1.90115	0.228444	1
-1.99255	0.267143	1
1.65161	0.196434	1
3.62039	1.05296	1
3.02997	0.688203	1
0.118957	-0.000154326	1
4.08617	1.77726	1
0.728616	0.0365468	1
2.77764	0.653897	1
-0.942063	0.0607155	1
3.01307	0.680951	1
-3.50748	1.11459	1
-1.30065	0.12136	1
3.56932	1.13566	1
-3.78252	1.18555	1
0.920674	0.0805038	1
2.44379	0.447246	1
3.32022	0.791508	1
-1.12718	0.102338	1
-3.73419	1.09057	1
1.85618	0.235483	1
2.97053	0.613845	1
3.26863	0.751344	1
-3.43929	1.09235	1
-3.93298	1.42964	1
0.781535	0.0382765	1
-1.75428	0.237475	1
-0.695556	0.0227397	1
-0.499177	0.0136753	1
-3.11459	0.75748	1
-2.22708	0.314323	1
-1.7271	0.215564	1
-0.288911	0.00173611	1
-2.85491	0.680206	1
-0.148964	0.00307337	1
-1.17738	0.11013	1
-1.9343	0.259638	1
2.31181	0.336268	1
-0.599264	0.0253165	1
-0.728454	0.0333659	1
-2.14482	0.290854	1
1.54342	0.157301	1
1.64709	0.182349	1
-3.75388	1.85049	1
-3.66418	1.42476	1
-3.37196	1.13098	1
-3.22141	1.83175	1
-3.55731	0.878951	1
-2.22355	0.327758	1
-3.54435	0.970452	1
2.92817	0.589875	1
0.541178	0.0196502	1
-3.80996	1.35331	1
-2.91059	0.597132	1
0.955231	0.0511032	1
-3.99507	1.41338	1
-3.67938	1.61831	1
-3.88197	1.43648	1
-3.09736	0.695983	1
-1.21789	0.0806599	1
-3.52169	0.941048	1
-3.62793	1.24766	1
-2.7633	0.503927	1
-4.11202	1.63744	1
-4.03785	1.37176	1
-3.82686	1.34286	1
1.62798	0.211841	1
-2.96549	1.61844	1
-2.06577	1.52044	1
-2.97978	0.651877	1
0.249551	-0.00168206	1
-3.60083	1.67833	1
-3.21293	0.723511	1
-1.79844	0.230507	1
-2.87463	1.84528	1
-1.16751	0.0662768	1
-3.08719	1.61949	1
-1.69749	0.164045	1
-1.72501	1.29671	1
-3.34685	1.6653	1
-3.55425	1.15095	1
-3.59917	1.52498	1
-3.02552	1.62767	1
-2.68659	1.64487	1
-2.82362	1.7515	1
-3.40097	1.88123	1
-3.86793	1.22488	1
-2.74256	1.64855	1
-2.24044	0.344112	1
-1.84005	1.31845	1
-2.37976	1.63428	1
-0.6239	0.538694	1
-3.38481	1.1289	1
-3.20008	1.67891	1
-1.99588	1.43647	1
-2.95808	1.70156	1
-3.71647	1.48161	1
-2.93029	1.72639	1
-3.30086	1.76402	1
-1.08024	0.878175	1
-3.64989	1.39054	1
-2.7167	1.71782	1
-2.69759	1.69421	1
-1.69314	1.31383	1
-3.06001	1.67219	1
-2.94646	1.79201	1
-3.34473	1.88419	1
-2.82531	1.69463	1
-2.88493	1.73476	1
-3.36969	1.75695	1
1.65329	-3.39552	1
-3.77161	1.54897	1
-3.94393	1.35108	1
-3.74886	1.63763	1
-3.73156	1.735	1
-2.44285	1.6207	1
1.04066	-1.24844	1
1.27839	-1.72734	1
-1.60849	1.22204	1
-1.55085	0.16948	1
-0.991019	0.820622	1
-3.69776	1.38706	1
-2.86433	1.66716	1
-4.05037	1.72948	1
-0.956848	0.847517	1
-2.97873	1.70822	1
0.137227	-0.143197	1
-0.534242	0.501677	1
-2.00982	1.42499	1
-1.47019	1.20633	1
0.653887	-0.760686	1
-2.10981	1.47175	1
1.11265	-1.32664	1
-0.97327	0.806823	1
-0.385916	0.363984	1
0.898759	-1.06183	1
1.57111	-2.34799	1
0.537036	-0.581583	1
-0.582504	0.530773	1
0.980685	-1.18071	1
-3.31058	1.52113	1
1.77615	-3.27487	1
-3.18395	1.68686	1
1.54678	-2.11478	1
-1.84377	1.40739	1
0.887816	-1.05772	1
-0.317627	0.29828	1
0.520363	-0.585558	1
-1.87287	1.36456	1
-3.85671	1.46906	1
1.15958	-1.41318	1
-1.00769	0.829095	1
-1.29406	1.05741	1
-1.55486	1.24714	1
1.33366	-3.69268	1
-0.845507	0.737306	1
1.2406	-1.58015	1
-2.06508	1.45565	1
1.65977	-3.77907	1
-0.421427	0.390511	1
-3.83152	1.37572	1
0.43142	-2.71985	1
-1.58103	1.22128	1
1.70306	-3.75891	1
1.78467	-3.01596	1
1.5842	-2.61754	1
0.692487	-0.797988	1
1.29514	-1.7976	1
1.73526	-3.98004	1
0.829184	-0.964961	1
1.60553	-2.38158	1
1.74868	-3.60607	1
1.40712	-1.99519	1
0.660767	-0.769276	1
1.31741	-3.87041	1
1.80249	-2.9811	1
1.51453	-2.0731	1
0.176936	-0.188095	1
-0.0307197	0.030164	1
1.59347	-3.68241	1
1.54992	-3.75939	1
-2.47469	1.55843	1
0.88813	-1.07281	1
1.40932	-3.64255	1
0.0662131	-0.930624	1
0.224974	-1.87259	1
1.39529	-3.76375	1
0.930574	-3.4637	1
1.15775	-1.56683	1
1.3665	-3.52607	1
0.222623	-0.23152	1
1.32755	-1.84197	1
1.7272	-3.6529	1
0.0417906	-0.631976	1
1.36231	-3.80546	1
1.6868	-3.65531	1
1.77567	-3.13846	1
0.266988	-0.292932	1
1.33125	-3.67224	1
1.61222	-2.73953	1
1.593	-3.6849	1
1.52925	-2.10862	1
1.55556	-3.49181	1
0.526338	-0.571254	1
1.34138	-3.9154	1
0.396722	-2.44831	1
0.725567	-3.02319	1
0.005594	0.523682	1
1.40162	-3.95075	1
1.2232	-3.9753	1
0.997272	-3.33762	1
1.62634	-2.57674	1
0.0338307	0.678413	1
0.442609	-2.47656	1
1.553	-3.50693	1
1.50763	-2.50017	1
0.782445	-3.20417	1
0.417628	-2.32075	1
1.21169	-3.70937	1
1.131	-3.65831	1
1.40327	-3.63494	1
1.3024	-3.86405	1
0.0550846	-1.07352	1
0.0101067	-0.316525	1
1.72256	-2.48665	1
0.944432	-3.38924	1
1.7522	-2.96258	1
1.7202	-2.77963	1
0.439899	-2.665	1
1.85415	-3.9096	1
-1.2701	1.01007	1
0.299939	-2.242	1
-4.91E-05	-0.0745576	1
0.37562	2.35393	1
1.26525	-3.78598	1
0.0318926	0.611869	1
0.293125	-0.311533	1
1.72105	-3.72131	1
0.223852	-1.94715	1
0.220074	-1.86121	1
0.0572497	0.980312	1
-0.00237628	0.291203	1
0.551516	-2.59315	1
0.187138	1.56706	1
0.0415392	-0.955556	1
0.422803	2.47898	1
1.21511	-3.55806	1
0.164075	-1.60407	1
0.68378	-2.77434	1
0.00494658	0.422593	1
0.445444	-2.35248	1
0.523043	-2.75916	1
1.61205	-3.85558	1
0.0758918	-1.20636	1
0.168192	1.59774	1
0.10322	1.14795	1
0.866798	-1.01067	1
1.66643	-3.69792	1
1.19998	3.77437	1
0.248928	-1.98943	1
0.219672	-1.98009	1
0.360379	2.25289	1
0.0122121	-0.422942	1
0.491899	-2.57911	1
0.166484	-1.69931	1
1.29755	3.78826	1
1.1156	-3.3725	1
